1110010001100011
0000110110000010
1110000100101110
1001001001101011
0100110100110110
0010011001000111
0110011100010111
1001110000101001
1110101110001110
1101000101100100
1001001010001101
0100001110010100
0001011101110001
0111000100000010
1110011110111101
1101011011001000
1011110010011011
0011001100101110
0011100100010111
1110111011110111
0110010001100011
0110101110010010
1100010001110111
0111100110110010
0111011000111011
1001000100010000
0011111010011011
0100100110110001
0111001010000111
0010010011001100
1111111100000010
1001100111111100
1111111011001000
1101100001101100
1001110001000111
1110010011001000
1000010000110011
0001000110001111
1011000001001001
1011001001101001
0110110001000000
1011111111101110
0110010011100010
1100000001110111
0011100011100011
1101101100101000
1000110101111101
1000001001110011
0010001000001111
0111111011011001
1001100101100110
1100001100110111
0001110010111001
0001100111000001
1101010000011111
0100011111011001
0111000110111110
0010100101110011
0111011111000000
0111001001101110
1011011001001111
0111001010010111
1110001010011011
0110001110011111
1011100110110010
1100001001001101
0110011001000100
1100011000110000
0010111011100010
1101100000101111
0110001101101110
0011000100010111
1000011111111101
0110101110010100
0010100111011111
1101011110011101
0011111011100000
0001110001100000
0000001011101111
0010110000100010
1101110111011000
1001001001000001
0100101110010100
1000010001101011
1101011000101011
1000011011111111
1101001101001101
1001101111011001
0011100111111011
0001110110010001
1101000110111101
0011010001100011
1011110101001011
1111011101000000
1110100111010111
1001101100101011
0011111010000011
0110101110000110
0110000000110110
1110010001100010
0001100111110000
0011000101001111
0010100001100011
1000111011000001
0010110111000010
1110010000101110
0110001010000100
1000111011011001
0111011111011101
1100000110111110
1000101101100000
0111101110000011
1011001001101000
1011110100101011
0110001010011110
0011001111100110
0110110010011110
0110110100000110
0001001011110001
0100100100110100
1001011111001001
1101000000000110
1101011000011101
1110001010111100
1001001000011001
1000111000101000
1001001010001100
1011100101110010
0111100011010111
1111100001001100
1000101100100100
1001001001001000
1000001011101000
0011001011101101
1100100100100100
1100011000001101
0001100011010001
0000000010000111
0110010010011011
0011100000100111
0100001110011100
0010010001101011
1101011101100110
0010001110000110
1111000101100110
1001101111010100
1111100100101111
1011100111100010
0000110011100010
1011100100011000
1011100111010001
0111110000100110
1000000001001101
0110100010001110
0110111011001111
0100011010010100
0110001001100100
1101000000100110
1011110101101011
1001000010111101
0010101111100010
1001110101000011
1000111011111110
1001001011101011
0011100111010000
1100010011111111
1111011101110110
0100001110110010
1011000111001110
1001001111101101
0000110101000000
1001110111011100
1011111011010011
0100000110110100
0010010000100011
1001001100111110
0111111110110011
1100011100101100
0010010001100011
0000101100100010
1001011100001000
0100101110011101
1101000010011111
1000110011111110
1101111000100010
1001001101100001
1110111000111100
1011100100100010
0001101100010100
0011100010000011
1100100000000100
0001010001101101
0100111010111110
0010101111011000
0110110010010010
0001110101100011
0011011111001001
0111001010000010
0110110101110010
0011110101000010
000011101011000111010010000001110101
101000100001111000001011100011010111
000100001100010001110111100001111111
101110000011111010111011101001101000
101011110100100101000111001011111000
111101000010111011100111101111011010
010001001101100110101100011000110000
000000001000011110001110101100101110
011110010010111110010111010111001111
111010001000100101110000100011100101
110010011000001001000010111011011010
100100110111100001000101101000010011
101001010001100010000101011010100011
001011010110101100011000010001101011
111010101000011110110010110101100100
101000011101011001110001011110101101
001010111011101001001011111010111010
110010100111101100100110000011001011
101110000110001111111010000111111001
000110110010010010111110101100011101
000010011110101101000100101011010000
001010001100100011101100000110000110
001101101110101101101101100011001111
110110111110010011110001000110001111
001110011111101111111111000000101001
010001111000110110100100111101100010
011110111100101111100001111001101001
101111011001001001001100110010111100
010110010010010010000100100110110100
110011111010011001001000111000111011
000000101110111101000101000011010010
100000000100101000011000011110011010
001010000011100100010111001011011100
100010101000100111010110110010001110
011101011111100010000001101001001100
010000101101110111011000101100000111
110001000111000111001001001000110111
111110110111001001100110001110001011
100111111011000001001001111011100011
101110000010001001110111010100100000
001000101101101100100000110111111111
111101010010001000001111111110110101
011100110011100011101001101111111010
001000000010111011111000111011011001
001001001011000000101111101000100000
000010111101000101001101101011010000
100111110000110110110010101000011010
101101000011010001110110001110110101
011110010110001100011110000101111001
010010101111001111011110010100010011
001011110011001100101110110101110111
101011111110110010000001011101110001
000110111101000000100110100000100111
110100101100111001101000000110001101
000100011001111100001001110010001010
011101110110100001000011001111010000
110101111001110000100100010110100101
010000010000101011010111011001101110
011101111101110101001011100010010111
110000001110011010110000100100100001
010011001101010001101101011111111011
111110000011000110010010110101111101
010011111001100110101000011110011110
100101000101100111001100000010100000
011000011000101000000001001011110001
110000001101010000000010100101110011
101011100101010100000011010001100101
100110011111110010000000010011011110
111000101110000100101110011101011001
001111010000110010110001011000000101
011110101100110010010011001111100010
101111101011010111100010111101100101
100111000001010110011100001111000010
000100111001000111010010010111000110
010111011010110110011000101001000101
010100001100100111000010001100010100
100001110010011001011100111101101011
001101101000100011100110000000110110
111011011110101011111010001001000111
010010111111001101111010001010011101
101101110001000110001101000101001011
101000111001101100101100001000100100
111001111111100111000110000001010000
010011011111101001111110111100101100
011010110111110001111000110011111110
111010111110100010111001110101011000
111100100011101101111010111110001110
111011010100100111000101011001011011
001100110010111001001011000010100001
101100100110001101101110011101101101
001011000000100011001111001100000100
110101001001111011110001011001100100
000011111011011001100100010001000011
100101100010110100100110001010000100
100101110111110000000011100010000011
010000011111001010111000111010011011
110101011001011111011101010110011001
010111011100010011111111101111101101
001001010011101110111110010011001000
101011110000110000000101110010000000
101101001100101110010001100010101111