101110011001000101110100010011101101
101011001010111001010100111011100101
010010101101000010101110101000111011
100001111110000101110110101011101101
101110101000011110000101101011010010
011110110001001010110101000100011010
101000001011110101010010101011100000
101101001010101101010001101101110100
110010001011100000010111101000111010
100101010100110111010100100101101001
011110000000110101010100101101010000
110100001011100010101110010000110111
101101100011111101010011110101000101
100010111010001001111010000010101111
010110110001000101111011100100011111
001011111000001110111010100110101001
100110111011100010011101010001110110
010110000101110011001101111010010110
100100111010001010101110101001100111
100111101000000011110101000010101110
101110010010000101011000010110111101
101110010010101011110101011111101000
001111101000100110101001110100011101
100011101000101011001010010110001001
100110101001100110011000101011010010
010110100101011110000011011101010001
101001010100001010110101010010101011
010011110101000101011111101000110101
110110001011101100100010011010000001
101110011011010100001010101001010010
001010110011000101111001100111101001
110111101001111010100100011101010100
110100000101010001101110010001110100
000011011101010110011001110100010011
011010010100010011101000110101001100
101000101011010010100101010001110110
100101111000001010101000001011110101
001000101011100101111011001010010011
110101000110101011100101111001100111
011010100000010111110001101111110010
101110111011100100101011001010110010
000101111101100010101011001000010110
100101101011001010110011000100110101
100110011011000101110101010000110101
100001011101000001010110101000101011
101011010100111001001010111000100101
110010011101100110011001000101110010
101011111010000011111110101001101111
101000100010001010101011010100101101
011001010110101011101110100010001011
001110111000001010111010100101101000
010010111100001011010110100101011111
100110011101010100111001000010110100
001111111000010110011001100010011011
011000101011111100010010111101000101
010010110101000110111011000010011010
100101011010110100001101010001100110
011101110000001110110101101011011010
011010000100011001010110111000001010
110110010001110111010100110101101100
011000010111001010101011000010011110
000111010100100101010001010110111000
101100010010100101011001010110111101
001001010111100100111010100010101100
010010100101101011010100111010100010
011011110101010110010001010100010011
101000101011110101011101010111011010
111100100001011010100101010111010001
101001100110101011000101111010101000
101011101110010010001110010010001011
101001111010000010101100010010011110
010100010111011101100101001011100010
101110111000001011101000101011010010
110100101011101110100010001010100010
000101010010001110110101010110011000
111010101001111110100000011110010010
000011011101000010101011010000010111
110001010110110101101011010100010001
100001010111010100101101011010101101
100101010100101011010100101101100001
011010101011111010101111111010010110
010111000001110101010010011100100101
001000110101000101010100010111110100
100111001010010110001000110011000101
000100011101010001010100110001101101
011010101011101000010111000101011010
011010100001010100001010010110011101
000001010110000101101011000010011111
011010101100101011110110000101010011
010100000101110010001100101011001010
010111111001001010110101001101010111
100000011010010100110101000001111110
000110101011100010111001100111010100
001001110111000100111010100010101000
010110110001101100101011001010110010
100101111001100111011100101011101101
100000001110110101001101010001100111
101011111010000111101001010111101100
101011100010001101010010101110101011
100010111100010010110101101001011010