010001000111010100011010101101000001
010001010110111011010010000100101011
101110001001011101010010011011010000
110100001011100010101110010000110111
100000111011100100101001101110011010
000101111101100010101011001000010110
100110011011000101110101010000110101
101100010010100101011001010110111101
011000110101001111010000110110100101
101101110101101111111001010110101101
100111011101001010101011011101001001
000000110110011011010001111110010011
010110110001101100101011001010110010
001011111000001110111010100110101001
100100010111101001100011011000110101
110100101011101110100010001010100010
100101011010110100001101010001100110
011101000110110101001010100010011011
100110101011100101110100011001010111
001100101011010001001110010001101100
000001010110000101101011000010011111
000101010001010100111101000100011010
011001010110011011101000100110110011
010110011001010110111011010001000110
101110111000001011101000101011010010
011110110001001010110101000100011010
100001101111101001001101011011100000
101110010010101011110101011111101000
101110011001000101110100010011101101
010011000101101001010010000100011011
101100101011111010010110101000110101
101011100101110101100010011100110101
101011101110010010001110010010001011
011110000000110101010100101101010000
001010111011000110110101011011000010
010100101101110000010110100001001110
001100110001010111011100100001001111
111010010001111100101011100010001100
101110111011100100101011001010110010
001010110011000101111001100111101001
000110101011100010111001100111010100
011001010110101011101110100010001011
110010011101100110011001000101110010
101001110010000100110001001110101011
010001110100011111001010111010001000
010010011000001011111010101011000000
010110101101011010101110101011110101
100101010100101011010100101101100001
001001010111100100111010100010101100
100010001010100101110111010000111110
011000010111001010101011000010011110
101011100010001101010010101110101011
001110110001000101011101101011100101
011101110000001110110101101011011010
011100110001100111101101000100010111
011010010100010011101000110101001100
010111000001110101010010011100100101
101001111010000100111001000010101011
111100100010111011010100001011111000
011010100000010111110001101111110010
010001101011000100101101010100010010
011110110010101111111000010011011100
110010010110100001010111011010000001
100101111000001010101000001011110101
000010101001100011001010101111011000
101011111010000011111110101001101111
110001010111111010101011110010101001
011000101011111100010010111101000101
110011010100101110110001010110111010
001010101001100101011000000011111000
100011101000101011001010010110001001
110100000111110100010010011101010100
011110010000001010100101010001101101
011110001010111001010011100100001110
101000100010001010101011010100101101
000100011101010001010100110001101101
101100111011001001111110010011100100
010001110100010111001001110010011101
100010101101110100000101011001101110
110101000110101011100101111001100111
011100110111100101011101010010100100
101110000100101101001001011010110100
000101011001001111100010010111010100
001000110101000101010100010111110100
100001011101000001010110101000101011
101110101000011110000101101011010010
101001100110101011000101111010101000
100110111011100010011101010001110110
001011100110101011101110101011011001
100101111100100001011110010000110110
100001010111010100101101011010101101
001001110010100100101011101001011101
001111101000100110101001110100011101
110110011011001000110011011101010010
011010001000101110100010111001000111
101011001010111001010100111011100101
011011110101010110010001010100010011
100001101011101101000010101001100101
110110100011101110001010101110100100
010110110001000101111011100100011111
100100011110100101110010011010001011
001111111000010110011001100010011011
110111101001111010100100011101010100
001011100110110010001100101011111000
111111100010011000001011101001111010
000010111110000001010111010010001011
111010001101010100100110101001110110
101000001101100001111010010001000101
010010110101000110111011000010011010
011101001000010010110100000011011000
010100010111011101100101001011100010
110100101111101001100101101011100010
100101110011001010100011111100001010
110001010110110101101011010100010001
111011101100100010111011101000101111
100000111101101001011010110000010110
100110101001100110011000101011010010
011001010011100110101101011010101101
101110011011010100001010101001010010
010100000101110010001100101011001010
110101101100000010111101100100010110
101011010100111001001010111000100101
110110001011101100100010011010000001
100101101001001010010111101101111011
011110000001010110111000001010111110
010001101100000001010111000100010110
001000100101011001000010011010101000
011101100100001011010010100101010011
101001111010000010101100010010011110
010011110100010011101101011010010011
110101000010110111101000100101101111
101111000101111000101111100000001110
010001100101111101010100101110010000
010111111001001010110101001101010111
110010011111000101010111010001111111
010100101001111100010111001001111101
100100011010001001100101001100010111
000011011101010110011001110100010011
101101001010101101010001101101110100
010110101011010010110101011100000010
100000001110110101001101010001100111
110110011010001000011011001000110111
101110000101101101001001011111001010
000101010000101101110101011001010111
000111010100010010101110010000110110
101001101101001011111000100010011101
000101010010001110110101010110011000
000110010011101000101101010111010000
011100110111011010101110010010001100
110110100101101000100011011100000110
100100111010001011100010011111101000
101001010100001010110101010010101011
011010101100101011110110000101010011
100100011111010100101111011010100110
001001110111000100111010100010101000
100000011010010100110101000001111110
110010100101010011101101000100110110
010110000101110011001101111010010110
000010101101000101011011000101010000
110110010001110111010100110101101100
110010001011100000010111101000111010
001110111000001010111010100101101000
111011100101010011010100100101001100
110010001111100101001011011101000111
010010101101000010101110101000111011
010001011010010000101110001010110100
100101111001100111011100101011101101
101000101011110101011101010111011010
001110010010100101111001010111110100
100111001010010110001000110011000101
101101010110100101011111010010011110
101101010100011010000001010110000101
000011011101000010101011010000010111
011010100001010100001010010110011101
100111101000000011110101000010101110
101000001011110101010010101011100000
101110010010000101011000010110111101
011010000100011001010110111000001010
100100001011010110111010001010100100
101100010010100101101001110010101001
110110001101100111111101101000001101
100100111010001010101110101001100111
100010111010001001111010000010101111
011001010110110101101101110000010110
100101010100110111010100100101101001
101011111010000111101001010111101100
100100110001001011100000101101110011
011000001010101001001101100001111110
110100000101010001101110010001110100
101111010100000101111001010010110101
010011110101000101011111101000110101
011000100010101101001010010010101001
001110011010100100111001101110000100
111010101001111110100000011110010010
110111101100110101011010101000001010
100010111100010010110101101001011010
010010100101101011010100111010100010
100101101011001010110011000100110101
111000000101110101101011001000010110
011011010100111001001101110101000111
010110101001111100000101101001010110
011011000110110010011101100101110101
101101100011111101010011110101000101
011101000100011001010111011101001000
111100100001011010100101010111010001
000111010100100101010001010110111000
110010101100101001011100100101010001
110111001101010010011101101011011010
100001111110000101110110101011101101
000111011001010010111101101000000011
011010101011111010101111111010010110
000111101001100101010010110101011110
101000101011010010100101010001110110
000010110111100010010110001101100000
011010110100101101110110000010011011
010110100101011110000011011101010001
101001100110110100101001000110011011
011010101011101000010111000101011010
011001101101110011101000001110100011
010010111100001011010110100101011111
100110011101010100111001000010110100
001000101011100101111011001010010011
010100001111010001010110011101000001
110010011001101111110101000101101111
010111000100110010011010101101000001