011101010001100100001101100101111110
100100011010001001100101001100010111
111011011110101011111010001001000111
100101110111110000000011100010000011
101111101011010111100010111101100101
010001101011000100101101010100010010
110100101100111001101000000110001101
011100110111100101011101010010100100
011010001010100001101101110010001000
101011101001010010111101000010110111
001011000000100011001111001100000100
011101111101110101001011100010010111
100110101011100101110100011001010111
110010011000001001000010111011011010
111000101110000100101110011101011001
011110110011011110110010010100011111
001100110010111001001011000010100001
111011100101010011010100100101001100
000010111110000001010111010010001011
001010111011101001001011111010111010
111010111110100010111001110101011000
001011010110101100011000010001101011
011010110100101101110110000010011011
011001101101100110011000101011100010
000110110010010010111110101100011101
100001101111101001001101011011100000
001110011010100100111001101110000100
010001010110111011010010000100101011
111010100110001001100101010010001010
101110100001110100000110010011001110
101111000101111000101111100000001110
101111011001001001001100110010111100
001010101001011111001001101101001011
110010101001011110100010001101101001
111000000101110101101011001000010110
111101100101001000011111101001000101
001010101001100101011000000011111000
110000001110011010110000100100100001
111010100001001111110010000111010000
111010101000010111011001101101100110
101101000011010001110110001110110101
011110010010111110010111010111001111
101000011101011001110001011110101101
101100100110001101101110011101101101
001100110001010111011100100001001111
110111101100011010110110101011110001
101101010110110100000010010110000101
011010110111110001111000110011111110
111010101000011110110010110101100100
110010100111101100100110000011001011
101101010100011010110111100101001000
100010001010100101110111010000111110
010100100110101011011010001011011101
011010001000101110100010111001000111
100011111101010100110110001101011011
101001010001100010000101011010100011
010010011000000011010110111001001101
011110010110001100011110000101111001
111110110111001001100110001110001011
100101110011001010100011111100001010
010001011100110101101100001010111010
001010001100100011101100000110000110
100001110010011001011100111101101011
011100110011100011101001101111111010
000111010001011010000101101100000110
001101101110101101101101100011001111
011001101101110011101000001110100011
100001101011101101000010101001100101
001010100001110101101101100011011101
010001110100010111001001110010011101
101110000011111010111011101001101000
110010100101010011101101000100110110
000000110110011011010001111110010011
000101011001001111100010010111010100
011011101101100111111010000100101111
010001101100000001010111000100010110
111111100010011000001011101001111010
111100100011101101111010111110001110
100111011101001010101011011101001001
000101010001010100111101000100011010
100111001000111101100011011001100110
101011100101110101100010011100110101
010000011111001010111000111010011011
100100111010001011100010011111101000
010111011001100100101011000101110100
110010011001101111110101000101101111
100101000101100111001100000010100000
100000011011110001010100111010100111
011110111100101111100001111001101001
100101101001101100001001101101100110
111110000011000110010010110101111101
101011110100100101000111001011111000
000010101101000101011011000101010000
101100111011001001111110010011100100
011100110001100111101101000100010111
110011011101101011010010100100110001
110110001101100111111101101000001101
001101110001000100101101111000100011
101011010010010100000011101101000111
011000001010101001001101100001111110
011001001101100011111010101100100110
110001000111000111001001001000110111
010011011111101001111110111100101100
001000111111001001100100111111000010
110111011010010001101110001011111101
001001001011000000101111101000100000
101000101011011110101001100101001111
101111001010100111111001100101110101
110111100100101101110001000110101001
000010110111100010010110001101100000
000110010011101000101101010111010000
011111010010111010010011010110111001
110101001001111011110001011001100100
001101101000100011100110000000110110
101000111001101100101100001000100100
101100110011000101101100010010001001
000010011110101101000100101011010000
001100111010000010101000000111010001
110110100011101110001010101110100100
111111001001100010001110010100100111
000110111101000000100110100000100111
001010110110000101011010110100000001
111011101100100010111011101000101111
010100001111010001010110011101000001
111011010100100111000101011001011011
010110011001010110111011010001000110
001100101011010001001110010001101100
101101100011001010101011001010011011
000111101001100101010010110101011110
111010010001111100101011100010001100
011001101111111001010011011010001100
111101000010111011100111101111011010
010001001101100110101100011000110000
101111010100000101111001010010110101
110010010100011001001011010110111000
000101010000101101110101011001010111
110111100101011000001110010010111011
110110011010001000011011001000110111
010111000100110010011010101101000001
011000011000101000000001001011110001
110101000001110110100101010111111001
001000101101101100100000110111111111
100100011010010100100110110011011110
011101110101000011111000000011011001
010110101011010010110101011100000010
010001110100011111001010111010001000
100010101000100111010110110010001110
001111101001101011001000110101000100
001011110011001100101110110101110111
010001111000110110100100111101100010
001010000011100100010111001011011100
110111000101110011011001101101110001
101001011010010011101101010100110101
000010111101000101001101101011010000
100110110010100111011010110011100110
011011101101100100001001101110000001
000100001100010001110111100001111111
101101000011110100011010010000111101
111010001000100101110000100011100101
001111010000110010110001011000000101
001001110010100100101011101001011101
110011111010011001001000111000111011
101100101011011010100100101011010000
111100100110110010001110110100011010
001011100110110010001100101011111000
101011101101110100101001101011101100
101011100101010100000011010001100101
011110000001010110111000001010111110
100100110111100001000101101000010011
110011010100101110110001010110111010
101001100110110100101001000110011011
011000110011001110010000110110011101
100100010111101001100011011000110101
111101010010001000001111111110110101
000000001000011110001110101100101110
110000001101010000000010100101110011
000010011011000110010000101011001100
101011110000110000000101110010000000
001000000010111011111000111011011001
101110010000000101111110101000101110
110110100101101000100011011100000110
000001110111101000100010101111100001
001110110001000101011101101011100101
100111111011000001001001111011100011
010011001101010001101101011111111011
100000111101101001011010110000010110
110111000000111010010010011110010100
100100011110100101110010011010001011
000011101001000111010010010100110010
110100101001010011110101100010001111
001011011100100110101011011000110111
110010101100101001011100100101010001
110101101101101011100010101001000010
011000100010101101001010010010101001
101101110001000110001101000101001011
110100000111110100010010011101010100
000011111011011001100100010001000011
011111001010110110000101101100110001
110001001010011011001100011010110110
011011000110110010011101100101110101
010010101111001111011110010100010011
010100001100100111000010001100010100
011101000100011001010111011101001000
011011010100111001001101110101000111
100101101001001010010111101101111011
001011100110101011101110101011011001
110010001111100101001011011101000111
110101000010110111101000100101101111
100011001100010001110111010100110010
101011111110110010000001011101110001
101101001100101110010001100010101111
011110101100110010010011001111100010
111101101000101101100101110101100111
010001000111010100011010101101000001
100110011111110010000000010011011110
011000110101001111010000110110100101
001001011011101110000000101011000110
010001100101111101010100101110010000
101000001101100001111010010001000101
011110110010101111111000010011011100
111100100010111011010100001011111000
001101010011101000101110110010011100
010110101001111100000101101001010110
010111011010110110011000101001000101
011110001011101000101110101000010110
101000100001111000001011100011010111
110101101100000010111101100100010110
010011110100010011101101011010010011
101110000100101101001001011010110100
010000110110010100101101010010001100
011000001011101110011000100010011001
000100110001011101100011101001111101
000100111001000111010010010111000110
001001110100010111010010011110010000
011010101011100100110110001010010011
010010011000001011111010101011000000
101101111001101110010001001011100100
000010101001100011001010101111011000
010001011010010000101110001010110100
000000101110111101000101000011010010
010010111111001101111010001010011101
101100100001011011010110001001111110
011110000100101001010110001010011110
101011111100010111110010101000011110
011001010011100110101101011010101101
010000101101110101001101011011110010
101110001001011101010010011011010000
011101000101110110010100100110111001
110101011001011111011101010110011001
101100000111011001110110000000011101
010110010010010010000100100110110100
100000000100101000011000011110011010
110110011011001000110011011101010010
010011101001001110011011010100110110
100100001011010110111010001010100100
110010010110100001010111011010000001
101001101101001011111000100010011101
011101001000010010110100000011011000
101110000101101101001001011111001010
000010101111000101111110101000001011
100110010010111010100100101111111010
011110001010111001010011100100001110
100100111011100001101011101100100001
111001000011011100000010101111111000
010011111001100110101000011110011110
100101100010110100100110001010000100
010000101101110111011000101100000111
100110101001111010101000000101111000
101101110110010010101001101110010011
100101110100100101101100000001110101
111010001101010100100110101001110110
100100110001001011100000101101110011
000101110100100110001000101011100000
011101110110100001000011001111010000
101110000110001111111010000111111001
111101100100001011110010010111001001
110001011101110100011001001011010110
110110111110010011110001000110001111
001010111011000110110101011011000010
010000010000101011010111011001101110
010100101001111100010111001001111101
000011101011000111010010000001110101
110010011111000101010111010001111111
110111011001010100100001001011101100
100110011001101111011001001010100010
001111110101010001011010010000010111
001110011111101111111111000000101001
101011000110011010101101110111100100
001001010011101110111110010011001000
101110000010001001110111010100100000
100111000001010110011100001111000010
000110111101010110011100010001110101
000111011001010010111101101000000011
011001010110011011101000100110110011
110101111001110000100100010110100101
011010110111000100010111000100011010
011101011111100010000001101001001100
100111110000110110110010101000011010
000100011001111100001001110010001010