011100020120112221211102221002212102
001110121021021020110210111122002200
002010210022122001012101112000121120
020221221000020121010200221211112122
022002010121122121011001210201121022
002020020011021121020110221102112211
000102020012121012222200011020111012
001020012010002021111122002110101122
002120212100102112201201201002001021
210020020110120001220101012020221022
110120222221201012100122220100001020
112112121220011000212112020222002202
022122001000220112021220020200122222
020021122000212012102220210020001212
020120102122001102020210111210022200
010200200112121220020010002022102211
011110000100120121102212000201122022
022120002101101200211221002011211200
012002102112112100002020201022002200
210012010121020100022122202202211202
121022012001102211102122001010122200
122011202012011221012102100201211210
001100201002221021100202220101002220
001122110110220212202012022020220220
200222020100100120020121022100100212
112201100201012202020110000101211022
210222211112020020222120010221200002
122111100012221012012222002021112001
021110011021212220102022111002022110
210212101100200202202012201122110210
020220210100121222211202200111011021
102202101112120120210002202201200201
011000101112010021020200020221110001
221220100200201102220122011011022122
011010012112220202111000102212200021
221020011002001011210020010220101210
201221101112002002121122102000022112
012220201001101202012112211002121121
100122122212121011021222122020200001
010110121120211202020100121020020220
110021022010012211100012002211102122
001102020021220120002102021012122021
012100210021002011210011210220202100
001001121221221122202202110210120011
211222022101010000011120222210000100
221002012200001220121020201100120020
101102021001022211221211010200002221
202122000100120120200211022011102022
002111022020202012002202110210021020
210000022202110110210212122120002000
021200221211110110102210021022000210
210202022011111210200202211202110110
210101201210002120100211202211112101
101000101102220202012021001200200210
100202001011020021210112101221220212
021010021120010121011021120200120121
100220220020202201010120222110111222
200010221111010010001011102102022100
000201110122200110021220021021211000
221202010121210120112212100111220211
110020201101212112011110022201220221
201101110021020100212201210022001111
011001020120022210210112210121212211
020020021110120020002001122111200022
210012120210201201012121221120200122
211200012011020222020200001022202201
202022112220020200211112022202020011
010122222120101200010020221122100210
101220102012021100110221202002101200
201220020021222202100012012010112201
112022220200001202122122202101000112
100211210000001122010020022012200022
010021220202200200202202110122012001
102222010010210220001101212102200201
202220002121210220112102002002011020
210112200222222001210222002210020002
121110112220012020121000211220120011
121020212002002202121012210022100101
121222022001220200012020002002022212
002220020110012102020221122102202102
121001110121001120222201111002021022
102001200012002011121100210022201210
121220220200112112102221110022002220
012101210110120221201202202002112220
211100101221102102200022112002112200
021002121210200022012002012112121012
002112012200121012220022012211210001
221100202202100220021100202122000211
020022122001211100220211200200110020
102202200212202101200202220021100221
022011020010202212221002202022002120
121021001221220011120220002120220000
100012112100002202200212222110101022
010121001220110122210210111002222012
112012212012001211200100220202200220
120100122111202101121002022012002222
000212221211020000222121010120020100
200202211101001120221212112102000121
000102201012222211002112121010112201
000122212200002012110100122111010022